47185
13741
34737
3238
24138
54506
77699
22870
33499
14505
83106
81676
52372
85463
33421
59816
58699
72351
41660
84314
50395
4377
94020
13938
98550
26366
95283
69898
17039
13894
43290
90398
20080
12857
98793
93305
63220
61990
9941
81287
8172
14718
51184
62224
41895
33374
57050
54181
54646
96009
30511
36179
19572
12409
10723
84540
57960
16628
91603
95595
36316
54918
39472
94507
46760
7966
29497
9804
82360
80834
50615
6467
79159
96403
37121
12102
798
77539
18208
46635
9024
8933
90179
37992
51168
37202
62549
13845
77186
84701
67612
27522
33702
71040
13411
71752
14890
36465
58718
63198
5025
48275
44762
45906
97459
84982
44841
18211
89347
33366
46526
28429
27881
44553
5484
1188
4145
60962
47281
95125
25130
1864
12364
29563
60301
30004
46762
16459
39674
19516
81312
40510
85736
22616
25836
27715
83105
41718
95912
1586
82487
71217
64790
98499
19989
26092
78920
47641
37613
36903
48712
19117
52097
61574
32151
77435
47867
30300
70881
41658
81135
321
36742
15847
45441
79736
54965
83788
84411
21340
68303
7338
20893
84554
21483
65798
20577
91867
69216
72068
30751
58960
41557
8541
17962
5530
38880
95996
77446
65065
65346
56542
94353
97599
2063
71373
23727
7332
2184
14963
6027
43952
58479
37472
86310
749
17320
54142
40003
8502
58063
46885
68803
95365
45513
99511
26405
92444
53282
95169
92369
11702
66711
63595
87397
68371
43768
91968
71899
92771
63764
66473
21544
1736
94062
8317
24259
36803
9183
94780
96164
22061
18739
77529
49528
19881
84335
90007
12573
66916
68712
61068
32563
33629
58305
90317
62214
4957
82323
25229
57088
97626
48407
83242
63509
76570
55233
8062
85311
67168
86248
59881
37450
9428
38857
73075
82585
41014
90891
11074
44893
60899
48485
25220
91605
36460
95206
18363
13746
79302
72892
97854
63749
48039
44839
23479
40769
6388
40393
80845
61833
31622
20155
88587
22394
5881
84653
97157
43166
79928
44020
26809
7335
1407
87731
89306
3801
41741
73566
88695
85069
42460
86649
35456
7333
41254
67979
98591
95600
76974
59276
82923
83092
48262
2972
57057
72760
64719
49954
80966
87087
99842
4221
7483
78087
43665
24777
28268
2099
28368
63428
64813
76276
54789
25925
59774
40896
72513
78725
19000
1631
40173
84974
33057
74327
23573
68147
62487
87228
30788
9608
61319
26072
65598
41861
40120
16335
75997
66506
90333
63796
87963
95548
47316
46840
57009
51855
80408
28693
8822
74214
80823
70187
81031
79523
78386
73405
78294
27996
49953
76247
54004
833
85015
51101
8963
46062
42783
5744
79064
27811
17953
57160
69094
62742
86486
90942
13200
44740
63386
15633
72793
5601
54901
46207
80636
73785
89130
29862
4740
5265
94461
23739
86327
63459
63076
20295
16013
43368
94471
97146
84359
71206
1249
75781
14488
18507
97973
3060
85240
66654
82463
9072
24936
47813
88015
98979
39530
42256
62370
26166
56139
54056
37296
5229
35789
2500
33681
44815
66056
31680
19705
84792
55786
86815
23683
45760
27874
62427
94709
41088
28834
54984
45255
34617
38252
87873
98661
74318
69210
13813
1328
30811
71519
94235
76412
54357
15611
69567
60808
93238
29516
62217
12184
56541
90989
67576
59798
61240
52906
52189
95222
83140
80861
69035
13094
5982
43461
43275
70736
43144
75488
38794
78500
22439
79484
88774
93468
38283
78129
20531
78623
75587
81931
21970
47208
53826
34330
43269
64981
72508
44785
1670
15534
33315
56064
8342
5908
1146
19065
57745
75412
90452
82016
19374
92248
87780
11907
22802
80040
49196
84898
10415
34683
79235
90891
42995
18361
77350
14151
92540
39711
82884
96655
87631
83820
94728
77647
56338
49016
93431
11945
48803
74411
59253
93981
67709
26511
52089
50855
66108
26035
3797
78075
50045
52961
74925
33526
27890
65841
93738
92783
90229
63566
97370
57866
24088
40347
69676
55524
39540
3131
30426
49144
1734
44632
86231
814
48200
18753
87855
74767
39465
57764
36611
64136
65052
13789
73756
60562
86613
81895
22802
80221
35425
90178
46362
99098
17161
65176
7530
1717
42223
27291
51932
69275
66767
85283
54597
73614
61572
32600
25103
5157
4837
61752
97483
64764
50157
35361
88077
72065
2208
48682
52721
58632
84337
25183
82790
29380
57179
3934
95377
71021
32976
54800
29401
22366
58919
3006
28357
17988
87147
45313
83401
9941
24767
24408
22100
96942
77668
19133
62797
29085
32566
95081
5573
72793
17837
91899
29414
7487
22579
93297
30591
76128
99291
13416
71038
61768
18292
28530
48640
70441
30805
40941
45252
7865
38191
52425
37316
21912
43123
26595
63278
18055
12087
80350
90892
42004
34734
39441
3925
14929
59460
77431
12040
78820
62354
58113
95261
59483
46844
38007
80717
92712
74559
80484
22993
24860
78472
32628
78517
72428
14145
14249
74606
42843
99638
28084
36746
86633
83927
5943
15817
4073
79496
56774
4744
14354
42861
10707
19569
68416
38125
70267
94632
23543
29143
29004
76737
60121
93058
54570
81105
95225
36078
16803
96755
79356
17152
49302
23326
97403
71373
83738
81682
23224
73126
71955
37035
30951
82783
60400
21621
5678
52198
81406
35555
12464
82084
48202
11087
7353
26272
59363
90078
22693
48657
84158
51520
67446
18849
88234
54293
69236
12033
83406
22194
90604
68211
2406
31557
25044
20265
91883
8815
93218
8495
65625
6083
3910
89782
31680
7906
89437
45995
63671
99189
16919
80721
2283
19222
63772
83937
20310
64197
73997
94180
3626
29814
92996
54289
79344
52536
98008
3727
37722
92500
65856
80721
37821
16821
92060
65146
94233
49620
55722
80471
78039
75449
67041
91179
11797
91487
73606
30405
59777
29495
25172
61929
28026
59867
19558
40979
99563
31447
32963
62097
36948
11475
2882
20571
92796
63284
20922
43094
10059
61288
18534
32335
51757
96087
74568
66603
40768
58006
19242
44333
65477
51653
67761
72663
11685
23049
22865
56417
79039
27204
11681
46129
17722
55920
61497
62401
68985
71370
79799
42613
35094
8741
84001
83092
17624
40833
76301
49164
35918
48742
9001
63655
65908
84095
40488
53925
97449
4724
37401
71130
28308
16723
11946
91849
85182
66436
2239
1190
78628
25729
58349
77336
52114
27921
69169
49607
89917
89144
38145
34365
30362
84539
98413
55475
67469
86621
62912
38427
86096
77095
6251
90003
84113
58088
63824
86518
46227
42539
32291
75035
14165
41091
70019
99000
48343
16790
22595
88037
38290
50167
4265
64751
37414
79305
50170
13237
31916
73290
85102
30554
55108
36597
31074
92777
47510
15318
47956
61472
86554
60010
76251
54437
72512
74367
10162
57222
4044
79139
71169
86389
69097
33701
41186
29179
77717
158
75257
55920
18060
79846
3639
49855
97038
18376
48621
83393
56254
85572
14135
28302
78727
79145
61114
85642
52621
40649
1225
62458
72260
11242
93510
74842
97007
97597
93865
82652
99285
18536
53315
15249
91913
73073
22221
48188
23673
37044
25885
2011
9639
61210
7
65421
34732
1668
74930
39238
68498
44290
50336
34319
66815
40384
81659
86528
91368
61920
72329
26740
48758
42848
36012
61277
38779
48636
44337
40910
35374
20711
78137
25162
75789
66090
28062
78126
43218
83517
9282
27691
76838
48253
68233
33430
67775
15809
79549
34459
81333
73306
60810
48360
88991
1535
46470
30757
36988
88690
42088
72494
38895
6477
51658
52280
36903
56112
26789
57367
67463
67938
70247
84667
40824
15915
90277
83540
22088
9247
70576
18016
94041
57878
15213
14764
58417
16230
93687
91720
13699
44722
8487
539
50369
93146
17279
43094
94016
37793
97356
6358
66837
59876
68123
63493
36721
64726
86573
528
49018
45665
99248
40308
57566
21020
85476
47802
1475
37941
77486
62437
20193
96583
51137
25403
99832
93624
3997
8532
46098
19642
63160
95208
42120
86151
29731
4634
42287
74568
3032
31579
71484
51156
25151
36661
53848
71153
10928
13160
62709
71278
79359
59652
50746
67255
59383
29913
90455
81745
19126
24003
584
35746
84929
55720
85590
82879
34514
54611
52748
68098
3186
35465
65292
71232
63832
21745
75431
89604
7568
50376
41015
57454
61032
23575
90116
90744
50204
71869
88181
84684
39541
29214
88217
4710
13011
30316
83952
80976
43696
54555
65639
83808
33019
45238
49003
56298
11087
93064
28760
76024
77371
66052
1805
24372
2587
40288
62257
73585
75151
27521
92343
27939
85714
57952
92898
49063
22196
76173
3017
30298
50090
79520
71940
13108
74592
89560
5193
42325
11129
13149
20876
96430
76672
20323
34211
79782
70544
78154
62882
19102
27800
97865
24749
35367
62239
39051
7210
71564
48799
92951
61141
43650
35872
98140
64648
28894
32778
99348
82631
54630
15553
40352
93145
68327
64547
22295
48728
37710
76539
46810
58638
27889
65511
15217
64613
53898
44077
96552
84127
93710
32943
88481
90067
9599
44200
7364
31079
23076
40219
3466
96026
76311
47870
29846
6758
7700
65508
74967
42198
21969
15048
84496
32758
86014
26219
57711
3976
72051
20236
27291
80230
12247
86204
91761
59048
32519
83320
19810
75750
88774
12329
66095
83724
44001
31281
39868
13625
21775
55048
20648
23036
78995
89110
91055
68733
87403
2294
55757
64539
67154
78950
88626
89741
87843
58615
13738
39336
14623
22753
38647
4053
58816
73038
55938
40626
65082
74518
92584
81017
82459
46050
68196
93939
55129
81433
21214
40913
74520
1029
77013
57924
91657
24961
81003
14533
15972
33740
28197
86997
50594
40158
29512
65284
50858
75631
28326
89508
59704
31247
25370
49077
54101
56072
40651
86399
54964
68991
62574
82037
40835
63129
78173
19525
44596
97496
2033
13952
60350
92352
80477
78384
10418
55460
21182
20302
73083
7862
75407
5413
30764
38422
99976
28129
54382
32631
74231
31489
41458
62048
5962
89808
10575
30905
62534
35004
43453
61018
31978
28829
42031
88922
92385
19380
21294
11999
8094
33891
81740
99878
4963
61735
55114
62662
57287
75460
64015
9445
58924
83635
9168
88474
47212
92165
77496
21063
66151
84875
15596
79585
9899
11517
87247
72285
90338
54072
73330
20211
23725
94689
37340
43321
41284
26453
73361
64453
32134
16107
70117
34379
37989
73858
87072
89365
90152
70519
68405
83520
42423
47455
46446
51909
33901
49804
7326
19391
30935
26462
88909
39760
62763
32535
97475
76062
81335
7288
85115
43071
49159
65139
320
3421
68962
8276
39499
37917
72248
21891
14502
25037
14872
41421
36850
89686
98130
75777
89222
50549
22819
95553
82032
407
31190
29353
94589
57952
22303
17985
28402
36303
9148
87508
58334
1435
75643
29258
44423
49576
68180
73042
80021
54898
70908
96622
66708
54301
13671
3082
88940
83551
57038
31754
33387
14653
75837
61764
65753
8961
2471
75797
47091
32020
42442
48532
15984
85238
71745
47985
10562
29234
19623
42624
66595
38457
72454
91181
2611
20637
86975
5482
54552
13678
46073
96816
31311
58010
76156
26564
67235
9926
50509
80644
58681
20477
64053
20252
46789
75264
20417
77784
51659
16433
92553
6719
57445
10575
89370
85923
17430
35597
34359
59106
38910
70748
99317
15254
98758
73059
68813
29584
94213
36900
58473
83977
77532
98476
61768
44786
88674
14890
24527
45054
41580
17244
57025
42205
91400
8152
98485
15284
37928
25510
43701
64579
85296
83494
26590
17331
36979
27992
84793
56437
97178
19175
31757
93008
38272
77422
17774
1512
85770
88678
12541
38433
44159
80485
58667
5997
51626
67357
56282
17433
55440
92676
61719
50428
98381
82017
31648
89710
64536
40799
58441
16243
43591
78380
68459
20454
52564
95971
46524
9772
13411
91195
24011
22312
74305
63426
47242
30265
63440
56992
18101
58618
42976
17372
48104
70887
43021
88453
23399
77624
16729
55429
74083
12666
2816
39221
90378
77636
49299
3362
88749
27323
67942
98455
37848
24059
54124
1495
44764
8210
23941
58213
25942
66298
27687
16229
10186
55306
82905
65622
23315
57396
45867
34259
79203
67585
27195
91577
34612
30163
86284
68351
23225
46758
87081
77285
50900
87440
62375
2451
371
34967
74947
82802
61956
82276
40983
6208
80522
9054
81539
8867
12913
60114
18176
43876
49890
31146
77870
16486
98554
349
56736
35146
59605
54957
27788
86618
75591
41744
99860
9605
80971
31155
67243
27870
65694
11098
27145
19758
97263
76650
44324
86053
76774
16144
46809
84402
1961
3287
31498
9526
71862
67216
29462
76149
6462
67892
86540
34596
4041
88461
42171
81918
34211
58101
83755
23244
34561
66547
56927
36522
97906
78696
92382
23601
32778
3713
57755
67562
96609
25251
70964
19658
83787
91671
98989
54058
14994
58170
46143
58175
85421
16207
3374
18127
42864
72279
64545
86468
17889
68742
41194
74515
79642
48133
77821
11239
82467
36548
53335
53411
61172
70521
49458
30131
63406
42328
82334
31235
87242
71626
51180
35412
70516
70665
48697
70771
9668
27147
34839
45616
10437
50839
1300
59726
39805
47782
57432
62154
57379
69148
88995
37591
28815
58862
286
78232
434
72249
39642
66825
25707
73074
28798
96096
91896
43561
98640
61333
54922
80794
64294
70126
3190
80794
32081
21523
9562
79957
36064
13430
51843
71138
80491
55503
68529
22599
39501
6543
14591
34806
38764
27854
7007
9693
59307
41477
96003
1801
61777
86510
10073
72751
14588
49918
76584
92191
60292
8274
73807
48020
34377
19953
85778
44857
46245
89202
61277
10905
56855
80948
7524
97202
10844
23075
84314
6650
79927
80512
34923
27719
27175
94249
44082
26294
9517
74399
51169
66031
59795
45805
44537
11317
47650
92349
64396
38277
87688
21394
20578
96421
85059
74145
92696
67779
42749
97271
84809
11880
38999
36508
13211
84674
46130
56291
68489
19002
80866
75015
97579
43738
46550
99174
24390
22867
10317
83338
14369
29135
80256
33133
43920
26077
73692
49383
81801
91589
23020
15799
13989
72292
91870
19994
78746
22151
91574
73569
31293
40224
32775
67004
23906
83587
17842
51262
21693
70677
35361
40717
8648
87750
28856
46224
9867
39623
45429
81962
15770
1128
32968
56708
80223
73090
2739
18234
42581
9854
90345
90829
97696
57023
72302
35528
38923
28083
41001
55281
22553
51814
37924
94897
90358
78165
8015
26952
82213
91896
5876
52386
72924
84785
54578
98960
72883
60003
25266
70567
82868
22568
49627
56818
98103
93723
2638
79909
34295
1354
7091
44832
88218
2318
33339
84472
84239
97353
41762
24925
7492
58141
71438
80208
30644
87216
13144
98877
96390
79516
83768
93579
52190
5200
6094
52473
9915
44560
62745
96570
93679
72122
47826
10902
42087
96133
20766
55314
9373
18421
49954
46323
82340
15186
51989
92379
24887
66338
58932
89464
21038
72452
93533
29385
43991
2867
52450
17562
77829
14742
84068
38818
89251
22947
53763
9875
56538
66423
8575
49985
1053
9808
23759
64290
28760
72872
48595
32063
5687
15382
40138
55255
86996
5264
71459
81034
93204
31812
70737
81598
25703
36514
58431
43399
80005
67511
95433
326
94719
65505
60688
88148
63839
87602
96469
1469
80508
24404
40824
98560
54670
17936
87294
28123
1488
55814
52491
43099
90948
11630
52230
57007
82133
14206
59768
52935
4894
66995
78503
82444
37772
41044
30760
48419
31692
99840
79566
70010
70526
23296
10955
70997
87631
61260
66935
77403
15113
11103
99299
53421
9942
97609
83924
9489
56943
59171
2800
82031
53091
65926
44221
82694
95866
96100
43432
98689
35479
97542
54854
73540
38357
93767
1473
81062
1569
88327
27590
81380
3902
35237
24701
4264
96827
21757
72020
46523
87804
95490
25045
80708
46074
99971
18438
94653
25495
84058
68031
9828
51324
28763
90888
32857
9860
21731
60701
63247
69054
3778
98806
54553
48129
99902
77599
27419
36493
66150
87790
83833
20541
56186
17526
12729
52395
68117
76526
77707
31474
84169
202
72765
21337
19116
97967
47475
71811
66355
86180
24977
22919
2150
99456
28795
45914
71158
63029
72194
34456
79120
87676
16638
69243
34738
44456
64887
11489
35368
23278
60432
50516
99442
7804
13537
33836
76385
5226
20334
61196
56324
40269
22255
27809
65178
42868
58597
62908
76184
31153
48875
48135
27118
37585
22839
12733
1197
24018
56800
25496
1409
43464
54321
59359
88416
68975
18498
47423
29474
74335
34894
55013
46941
37181
51764
46338
56346
2845
62399
23602
55214
5659
87519
72115
46703
51
13413
61070
38414
23861
80842
81453
9421
84606
39722
64914
62960
41097
8823
13745
15445
79577
55923
99991
31312
52104
66062
50283
40634
35905
40778
43638
85737
10393
6591
57383
19793
4912
22202
72887
51456
2957
41880
41514
18447
86314
11243
43258
41425
10744
99487
53032
31299
11657
78404
93316
52107
74880
3228
54308
37870
29360
86478
23519
46585
36718
88389
20172
16820
61709
84030
39047
93891
40975
27467
78075
54363
89941
27736
14689
53728
85597
34106
52250
26637
51987
55863
14308
72052
80457
98656
42297
53525
49062
91690
77681
33446
86021
81700
35149
95220
7921
83948
62269
61642
62341
52704
10210
97717
99312
33885
72312
44980
90486
51980
25481
52598
25203
44397
8974
60620
55979
2772
61133
59558
7272
87723
67989
4465
10439
3099
52932
32043
56528
79888
70852
31846
24483
72645
68621
16099
79450
86400
43110
76178
80783
66557
57724
72511
20313
47419
47218
22800
36315
75774
71591
892
82630
86533
79842
6112
13622
29336
31234
35783
29133
6928
13571
50145
59619
72455
73508
30172
15041
12832
60898
86990
27132
3121
55251
55811
98647
20456
73375
4494
138
51020
98480
10039
73315
99981
79301
31926
42624
90445
23041
66825
27282
61018
71113
29552
48377
49107
20763
22961
79358
92971
74249
28316
56877
62577
51880
99740
96417
4391
39924
17402
16862
19929
11998
49764
66159
30309
60620
61631
67845
34571
37665
65574
54495
65745
17487
77623
35801
43455
21388
21838
90780
57483
61020
36049
43620
89808
60304
59228
4824
66110
51704
79223
20582
65987
30041
84815
33789
70461
60632
85314
18839
9564
67349
86787
68617
25625
75429
21613
53632
14005
24614
40613
24760
18745
19681
11281
68858
28053
79872
28118
60054
74270
7738
91461
54474
59272
15009
12446
67954
50819
15734
70125
27222
24125
10851
69967
74043
63788
25307
54712
41785
42788
87299
93304
87023
59558
92523
8201
60611
53098
57482
29933
35053
53522
68363
64123
59085
50920
81973
31011
41147
7597
45733
84618
22103
11065
97595
30217
41747
68075
82240
48964
24517
16895
15684
70125
92740
13863
59463
13464
15111
45229
50207
93280
23886
33594
13961
56000
23217
74057
36612
79917
98496
79817
65627
91758
79350
75724
54459
69408
16168
90904
4319
73765
24641
3745
55685
69037
63706
74820
48938
86847
44478
77485
51127
59585
65945
91383
55361
9162
16748
90112
99046
19371
34031
61070
5513
2973
61189
86174
33944
28935
85856
99820
58951
28594
29544
44583
15883
53866
45200
64530
36838
96828
3922
75893
24177
1077
70889
88998
21713
83312
69719
59494
10089
49620
9020
46401
12078
27259
19033
66122
88562
70312
27123
58574
96811
95948
65502
58483
50328
85430
29462
34454
77416
75007
85524
66561
65961
84528
96602
53494
74807
66954
53209
80729
45917
2411
43933
75090
44029
6261
17620
4307
64412
7979
16901
89301
54561
76489
4813
18127
21484
42668
84381
31868
38231
39892
84578
93497
16741
76378
80206
34542
29073
36994
42119
90229
80123
3341
50606
35331
90979
82976
35663
39248
32086
23302
2883
35781
30397
45168
52303
45340
83982
71088
94011
602
15187
18066
26791
94714
8181
5594
96490
22484
26388
28341
99595
86472
27158
89892
66471
10976
67448
51426
53257
92442
22253
64391
45453
16382
70732
36284
56259
13892
70133
41438
83070
47629
39121
53568
14663
72817
27730
52304
99415
51979
35854
15978
39607
67932
98177
13198
74962
5211
4352
68411
99153
81278
8856
55919
88912
52650
45398
21902
58896
98570
78118
89492
67052
6346
17576
69846
15612
17183
258
64980
99168
79871
14706
67596
54479
83537
76965
47893
1365
49814
34603
80064
82647
45510
76594
85330
34704
41146
42379
65130
69770
24611
20245
30550
76312
25331
71962
64557
8507
31409
91690
13235
40051
95736
61871
52393
64415
81847
77637
25352
70918
94488
91156
95712
9230
78281
75914
29251
27072
79541
22156
92461
24113
1748
15225
67998
88938
76378
39209
25889
28463
26749
12444
57130
70405
65095
27753
69681
6749
51156
26445
3984
61448
89511
13383
44645
32645
47677
41332
42097
13737
85548
74828
10373
58867
67666
85833
25641
64597
53239
1410
72669
15044
98340
54378
3919
15452
15354
48826
73156
12827
21862
10561
14290
69169
20090
19246
38022
7063
91201
84903
55101
23372
15583
74901
33748
32314
93711
99099
57600
6833
55804
11880
11473
42283
18271
18919
28123
20457
72117
30128
19486
90728
49020
4677
61303
55941
90913
62546
51910
59509
9653
22354
36082
7304
34036
85803
13990
76300
3985
30435
88862
59925
77628
16859
85110
26000
12213
54271
1196
30797
34513
33423
15577
47278
43272
17402
91358
18554
93163
37006
79089
90717
400
59349
52302
51794
7383
22274
5523
35240
22598
45230
97512
61180
31311
14606
10274
69061
12617
54142
34199
4858
358
79205
18384
21653
14548
34704
51005
98542
19324
25504
9404
86
38315
64178
1357
92557
98850
53652
23338
30205
41833
62636
99107
61501
98021
46774
96346
57497
59143
3695
87484
63630
39402
84391
4507
31476
86523
70995
21279
84851
15184
34262
68424
95362
19975
45636
26130
92101
62216
27842
82026
15486
67668
76128
83738
79018
98937
70107
31339
22245
84186
58792
24411
67583
17239
61686
59169
48435
91477
9564
8371
66954
98800
56630
54335
73039
71291
88544
93975
52487
34085
36207
24163
57654
84112
97236
1524
89370
6929
50042
46587
96109
30969
90373
52102
13111
63362
88030
94931
11588
75683
18265
15005
17470
28515
54198
60930
43166
16249
63596
93306
94935
85227
32875
95671
44649
45149
11502
49609
87383
3204
71803
35963
87098
85477
52018
37554
48924
2103
79222
35129
9985
89203
70484
65508
27113
73098
38991
61027
84749
91109
14344
87835
51373
29035
93209
79425
11206
85016
11838
13801
10217
21874
42524
71480
61843
80167
53251
38900
26459
35679
69001
20177
99470
12111
27021
37849
5253
71480
3520
83699
77952
95101
69602
14249
95715
7801
63905
30507
43401
83437
43489
4175
23986
94767
61902
61109
62128
62204
75874
1777
55830
29461
30469
10022
3978
39124
14122
61159
79136
59986
54703
76610
90951
4616
72370
78459
48077
30809
93799
32149
28797
35359
65441
43259
41971
40706
10941
70739
42989
46679
82620
34875
61730
68422
97903
126
35752
48695
50708
36382
4461
67426
69343
97269
78254
25620
28151
30835
7961
16280
46747
98681
95341
6029
28826
5379
23033
77521
78000
81810
65191
40524
96073
53961
35465
5257
41091
7117
4296
78543
54580
70365
98346
77140
47921
4193
23530
5393
29329
51597
3834
14661
67195
14416
58770
16147
21385
43114
67670
25026
50884
65393
18330
9853
25323
48448
13362
5600
40511
53970
15541
1587
74824
72643
52570
72879
78772
42258
58910
97461
18081
68583
13415
79882
63186
49867
93849
26161
69607
3362
91822
31529
62062
95195
4197
16719
50136
40437
26003
5744
38248
9961
95370
21043
87782
1869
26610
57674
59062
43048
72198
53381
10060
43154
13816
14214
35119
25280
96015
5424
74622
86862
60519
41748
50743
24459
67767
76004
10934
46709
94598
31152
72385
85909
66632
37594
80723
81061
23660
70058
81207
64457
84155
28877
97795
85395
57600
45164
86549
45127
41647
24351
58891
94639
1502
98495
63774
10475
94122
67072
24100
5029
4074
13826
98564
18887
60170
62508
57929
79868
17435
40842
83337
34486
34716
4996
24553
34886
59648
64486
35196
55401
99758
80754
1392
46747
15071
31846
88876
22670
24939
80067
14829
66507
66187
71996
54397
84153
52148
4517
16906
53859
73798
68465
48472
79711
31604
88145
69831
24047
81283
597
48052
52399
65184
80304
94304
68567
50921
16285
90875
85865
91621
14280
92909
74407
78395
66137
1706
1267
33004
49251
2274
95079
62617
97498
28073
74983
49616
23786
12527
45512
99112
16451
85050
80994
17067
18411
55349
95827
54311
93474
46604
31909
64393
42560
12367
68204
11112
1797
76815
33637
98981
2503
82208
4793
16235
16044
45539
21761
51622
11495
95439
6182
141
41749
17877
65294
664
95329
52296
15887
27372
8467
29153
88018
55066
98458
96235
23175
78806
7344
3097
13812
5658
64038
48905
72720
5460
23520
95092
7977
85040
46902
1729
67633
76734
70543
14012
88309
46438
32057
4245
74612
77061
87192
31766
58897
77912
64971
94205
47276
58483
75741
14754
60871
65513
81617
6677
32735
14553
52565
22385
74916
14110
28996
53120
98941
92855
11912
27188
72782
36270
62309
6853
92676
56016
62451
98764
33918
39309
86782
12492
30095
47668
51131
45677
61935
6180
47371
24143
98427
24396
23021
53403
29925
29805
90453
18282
70595
72075
55705
65710
88131
40390
18311
46930
7133
55175
99702
70627
47916
8023
17901
88631
67516
76877
90875
64845
34641
2458
13826
76063
64304
6173
78185
52516
96229
6649
17575
44232
4738
16180
70682
30892
31165
83410
25593
62470
23850
68022
73666
27821
39198
1590
6022
30508
514
12596
88983
49205
79852
93878
61107
9673
7703
6293
97735
20730
88393
11721
85318
67872
15775
87693
29219
25074
45372
49311
1282
6932
95692
37121
63683
76428
69791
39884
26794
69590
95673
14741
40015
4320
97595
63705
59060
56344
21654
45724
43167
51461
43883
61882
48387
67600
29131
95710
62663
73344
50566
80105
48095
12287
60584
32695
57741
35645
28232
99675
68351
66812
13195
45511
34176
26845
95718
49225
4140
58778
50655
90770
51924
67880
94894
95859
78033
42013
96213
25460
99718
37310
55319
52568
91730
80013
94513
85540
67370
27490
49961
62822
30089
13194
38637
97146
5931
43765
5510
17801
70789
86582
99700
14178
20657
2783
62404
98498
95792
58750
59704
19369
35510
47371
70270
51860
74831
82302
6860
94725
91167
22109
71056
84037
59650
3507
88500
37033
76943
85296
37500
49420
49505
71482
53924
9974
47719
93085
67337
70810
70197
93218
41636
89657
10686
72399
96292
33969
12278
10680
54047
91119
29681
54998
18992
59368
3276
24739
32485
67822
57543
20226
33148
76251
68210
32480
78989
51288
78211
845
55903
92202
25805
64816
19716
4324
26195
6254
88277
47294
53525
26179
26334
29666
91737
49981
50830
43273
43341
73635
71773
18881
15036
98126
36294
59263
34893
38765
68403
34857
11497
30937
42198
46340
60567
66254
8237
2468
18009
758
60807
3336
94143
4107
48567
34696
95477
20532
63225
31679
60463
51037
56094
58077
56790
90017
41688
86368
40399
56585
67469
59538
88115
84681
81707
37757
7201
90879
90613
99640
756
83591
88148
42787
48466
1752
60594
66381
79591
61335
77585
69057
86699
89373
74237
94471
49623
40622
10031
28418
97981
97244
64700
78729
15293
8163
30387
25479
8693
73972
64279
97625
44311
68370
75392
46075
16844
12516
31571
28661
11452
62132
19123
74171
61756
26451
14356
94981
85649
51815
49473
6791
10031
92373
64334
86452
8098
42046
90238
11859
52079
87546
95820
93747
78493
82679
20961
63788
35417
36353
24719
63162
67919
97682
40691
96262
65252
81232
39863
99308
38677
11477
64519
59422
62754
95320
3326
53895
21257
35805
842
63791
12480
48232
97920
97267
48577
81209
39943
52581
29388
39289
38712
96457
63912
95436
34552
32745
88637
21577
57173
71340
71615
11163
85238
84348
9095
8846
191
16636
97690
8886
30323
13973
17197
61587
91476
86179
80758
97997
22718
15703
86451
20297
76326
78794
32831
65159
11394
53060
30789
41880
88806
55935
27681
38606
3403
4664
83946
50484
40328
16879
41106
58781
49869
3478
29245
51804
60567
38860
45162
29290
50638
17595
88082
49576
18033
98186
38479
6933
16631
87156
88046
43252
18457
75358
64502
75028
50650
84323
78481
10310
20549
67921
87771
69233
22632
14833
62280
63571
5872
74883
92796
12891
26879
3728
83574
95952
84854
15959
97912
6356
11098
13113
42312
1579
87876
20542
96818
69276
26303
83948
92201
26001
34454
27860
33060
53191
34511
10672
62444
38520
85538
57142
6670
77237
11604
88385
95941
62046
79059
64419
93176
32534
19758
9265
84336
2273
48270
30930
38678
58408
68681
37925
13740
82757
22106
30598
74691
23888
51768
44845
68525
90577
46767
32401
23674
59176
50478
32531
84124
86180
77111
82973
49798
97800
14293
94986
60674
49477
70455
39634
86221
58170
81367
3475
35992
72907
36281
15358
99433
5935
53597
53671
40984
74
10503
72573
97033
89070
60336
53492
68775
45865
36102
12965
86435
81200
77879
62350
21185
8493
10873
86652
2796
89715
35648
72889
24119
45551
54799
19349
35668
55188
41698
70006
26734
50911
19049
73594
5849
11487
70230
28360
5591
42594
705
44699
90782
28146
24213
94483
16463
863
98415
78983
64084
7944
35208
9710
13463
14325
5022
4125
33764
1185
63021
42038
34672
82369
1871
59264
85006
42818
74812
81094
71447
62104
65075
78062
51027
99503
61358
46425
67150
18484
28585
73770
98106
26694
36119
81934
35095
99342
48530
13018
51666
49853
48929
98378
16870
30016
2129
5972
40865
83770
41231
41321
68749
36205
98748
84927
37871
64671
94329
90428
84910
93467
60331
27440
42715
41824
33157
7967
82539
89884
37793
54433
81561
59173
56530
22824
97103
48467
89985
63666
45047
50905
93326
64896
79897
38106
46503
90059
27572
42608
29755
13989
42952
52882
13887
39013
20423
31432
414
24660
63437
88003
70998
39118
47700
98972
15466
11607
29914
39907
91026
54519
9266
75589
78027
44264
78020
62380
22749
90698
97930
69777
21006
90096
59028
48472
53593
66370
95408
51378
80898
7203
58072
32171
86207
97075
50962
36614
49263
58638
24187
73954
29458
98443
86822
75271
62561
63944
94536
10933
59782
11298
23013
65939
91744
52447
69123
59704
56617
56613
26344
67560
66080
20951
44534
55963
77238
24706
32299
20243
38118
83755
6699
8702
52762
21629
11107
78253
39975
90750
3881
93438
91242
37505
92943
9763
72893
86629
52737
69434
25889
62656
69975
21851
87443
71342
88318
2060
58298
94122
70621
16355
44443
98482
20264
54166
89559
90389
35358
47623
48324
66708
49539
32847
64861
85135
63332
65218
37886
60292
20356
99663
86719
73716
37123
74982
95219
5097
75352
3736
12031
73528
39172
96566
94069
6931
46555
36925
92809
88358
59799
21669
11819
18762
4636
84557
50687
87070
70950
31840
35523
26315
33312
21256
53166
52214
98034
95523
24631
40051
11854
32970
81448
97741
43329
33361
37983
93442
83520
99036
22934
3251
88189
83582
90813
41643
11137
48703
59052
49827
10523
69708
13308
61997
37305
38993
37328
84868
66550
48669
40691
42326
39562
43804
17854
79316
9232
81417
59524
61635
42085
7919
81997
66546
31187
41681
39172
19779
82707
56950
58622
67700
11409
79997
87795
5842
32340
32821
12072
80070
31396
92103
22998
90459
4601
86046
10111
15050
20466
95877
54187
56027
72420
56074
2766
90392
16055
38614
4122
60577
78681
89798
35011
82922
8453
64331
2156
48871
87651
92138
99453
12634
92301
50399
36802
21136
96251
39169
25506
45294
68921
63215
54921
69808
49529
59532
1697
81104
87000
60545
49064
84914
85295
7479
18632
72630
99010
38714
82419
9954
15932
29297
96734
68961
39876
83583
13151
77572
59971
38650
29856
63665
82826
69101
80809
89365
62615
72012
41311
22563
92887
29584
10253
99535
83204
8459
61932
88203
29147
16749
87300
19941
78818
80946
43880
88501
7152
95773
43281
8494
67974
32449
52138
57093
27102
44536
71200
53277
55784
47504
21929
64938
73421
66412
61219
27102
51360
84118
71697
16090
72162
42724
52475
26761
4538
43951
8058
82829
92454
73176
15677
13736
89028
30038
19633
88457
64414
51968
28929
26580
86838
15597
75640
1011
3354
21259
13831
7552
81648
54976
23820
65560
51137
19047
73403
77659
94390
67775
83158
72941
11775
56627
9505
38661
2781
48062
92397
46714
92622
18703
86962
47863
84998
16595
67975
92175
28702
56963
27196
48572
59414
62461
30673
18433
24606
17158
28024
64957
19397
92601
66279
65443
16121
53785
14458
32053
71200
86988
84725
15544
87838
72598
98189
46736
77787
8835
7618
49930
88897
26868
42517
61515
75605
72070
38547
96875
4636
12090
55922
91392
18813
73808
4967
60094
56699
57000
76229
14257
97201
26792
86688
62274
71466
90859
98687
78370
18067
42292
40045
58488
26919
97854
95929
89359
36868
58974
55170
93507
97583
26174
9903
24461
95882
34748
68619
33146
76900
27595
51582
82509
67703
86666
49939
1121
75414
16095
85259
83974
95388
1491
9491
83684
59886
67594
81861
56968
62873
69648
90651
35310
8208
17379
74176
24046
77124
3388
46837
49600
13474
68179
7248
61967
84362
91278
15312
34099
50785
67136
66617
46301
19180
74365
56700
85958
60256
42750
15129
60136
93921
1459
48597
88130
6534
70393
1018
37853
153
17235
50266
39877
60672
62048
8545
60947
49858
2237
66733
29444
18340
87199
91038
29701
80072
31236
87316
54367
71491
11623
2777
89267
2562
86385
9537
10341
71379
33773
11568
69844
35947
44616
66877
70986
34215
98155
68890
32392
84750
84636
55592
1218
29027
89546
37946
87030
80768
72885
49500
66778
84238
58457
80368
914
88768
70147
37426
3762
91691
46200
32665
30565
98537
17669
36518
37812
33823
80971
65747
18557
47631
7158
34352
80138
95544
55085
1836
29126
11975
10488
29465
3191
54866
7821
63430
63441
50007
45858
1055
82168
69619
43836
41431
30580
655
29488
91107
7948
66052
10787
35803
56784
20778
37706
14620
6179
79743
12469
87398
24321
35790
26397
88618
89530
88325
1908
54022
16889
86200
72876
34076
82835
41358
34241
63636
18730
9525
67236
14819
49429
35361
36837
51965
3650
24134
4013
27584
38594
18559
7145
26406
42981
855
19861
9651
68148
33433
61441
39692
12844
70076
46419
74031
25782
22970
15102
583
57594
78038
44047
99086
51528
15089
70928
18340
90104
16956
10524
8788
27633
9222
14931
75426
24214
38961
94618
75584
69847
87985
78156
62666
60169
22561
62805
34662
53038
6937
65370
88205
53712
94160
71225
28216
47368
75768
1721
32925
15505
58957
76580
70778
55351
60093
22852
93386
6335
20114
1845
90719
35037
74764
48600
3186
13612
32455
16216
66651
55931
684
36692
55567
34814
76751
5128
759
24713
6817
72904
8988
45596
75372
85717
6907
46920
12448
8288
43935
27664
40255
43958
59119
50215
6409
69669
46657
77810
86226
89616
57695
47783
72899
92694
22784
89059
48088
88017
22868
31592
7797
70481
870
64719
52657
43233
80263
84652
53725
79429
10071
68758
59167
65892
7950
81966
30530
90654
44983
81010
80156
85861
42424
93729
16761
97924
71468
85417
63960
72122
94586
31491
12940
343
10802
5235
54444
89746
75831
64868
4701
94454
16007
44319
48833
79660
27919
85707
54346
90457
81336
53866
88801
79462
29424
56321
35940
27820
22619
61451
86681
13116
94620
93326
6893
32394
49159
2396
12455
64951
33060
84853
81181
73329
97368
15466
96989
27878
72598
53381
24607
56133
80263
26325
47412
56055
74111
7879
38570
46835
49384
43588
82970
36252
62949
5305
1006
71011
74443
53666
67081
18561
65532
90721
26540
13379
31784
72713
53426
77723
96267
57576
80835
39188
93926
26832
62236
15344
92191
6130
93970
34166
63109
7905
77568
84319
26324
8239
73530
83844
30290
14717
87925
71356
71213
91511
75780
54467
55962
59209
86773
30519
64968
50573
65468
26017
82498
93243
16130
58673
37686
53552
17441
91579
41582
30234
92441
50470
8787
30042
99397
94157
96469
34224
21092
2720
73440
89078
18427
80501
45537
8667
16333
274
19741
25377
78932
14897
43447
45980
72738
61766
18230
54252
33398
62629
88895
77721
7759
94131
71929
6635
43545
58710
66678
56470
42853
87832
96314
4903
99770
81178
36060
33548
99997
40659
6443
37758
64586
54597
16269
54930
77928
82014
97213
20875
12094
40230
4381
85014
62555
88294
27139
4347
18883
80063
47587
45686
72244
45748
64677
67091
34099
24446
61658
25910
7744
36537
52628
25947
43324
39112
77847
62136
81575
43559
18437
36085
25870
48743
47799
82878
73591
40903
15630
73735
2864
29794
49432
24431
96683
85778
84168
73698
51188
16836
217
44908
2475
85962
50842
4835
569
30266
32363
30608
90505
26432
97942
51297
4932
59316
34302
73560
78185
92462
1690
12539
23518
84766
84199
72898
48497
91134
89868
15308
56946
17629
12036
20084
5560
39
84415
90285
81131
97261
74386
75158
66643
2931
61827
86898
83128
66459
6827
81313
38369
67684
97530
89146
8428
98569
62906
12999
79715
4733
31115
92642
64322
24572
74543
15850
73254
77413
26634
31801
80260
74816
75486
54610
54295
97295
30475
85646
5582
25687
18026
40432
97698
70764
25293
28695
95457
77767
86394
78713
60077
65401
83807
85516
8129
67608
66033
18727
23797
36286
56069
92141
74094
55839
36342
96200
30716
62669
60968
27013
82247
25924
99383
32733
12264
10608
64683
74860
81016
18449
36645
18754
90069
71766
3400
81506
12033
80060
3781
65199
41785
17974
67001
71829
45748
71513
67801
30787
33477
57176
31170
79640
42040
56392
74161
59567
37526
25114
2439
79801
72
10756
50888
40484
79798
33332
6172
79022
57116
56697
58513
86894
11751
43928
58452
39513
75162
66014
8035
36582
96067
94163
16299
13589
60017
81305
11819
39891
82950
48919
9938
99759
94687
13668
8726
7983
11418
65577
86692
369
66910
92978
78387
73392
70958
81482
67931
3270
4321
77366
81753
49156
44109
93645
28746
81105
8486
60047
49651
27315
5045
89466
57030
90053
28221
69815
45986
3582
50176
31783
82850
83813
87842
2073
75367
21518
58276
40078
55322
65336
36186
87262
12352
10067
30615
89021
56505
92561
31589
33896
59824
28318
86
36658
1544
73425
34226
8512
84508
86838
65747
63737
74524
3389
73689
710
25782
58771
28511
40265
68162
16264
70297
18168
91314
55868
41602
15515
97051
38563
7281
51526
19376
1626
9522
35510
79482
5476
42264
67691
38718
29500
10079
71019
89546
7392
43459
29656
17704
61952
60100
25627
88241
65624
16118
27398
79653
34485
45545
8837
78973
96371
43072
42203
64286
9880
7763
85107
93164
52110
84854
59631
6361
91910
44154
16812
18071
30997
40940
45447
79213
58314
26682
15836
22945
23009
68646
81077
98567
11356
38653
3960
15498
34809
95513
56871
94212
84935
39826
39149
37963
47968
31937
49139
16811
85475
15452
55076
94022
24907
19037
17131
56754
20476
55545
10934
49652
61898
23489
44035
496
12520
66456
17149
67671
4173
26042
57944
22606
73624
41254
69641
78993
25188
32378
30049
6040
20212
26850
45090
24481
94668
85992
26972
15486
34113
85850
40833
22902
5333
42930
68419
32111
26796
64820
53226
22419
70848
17979
57320
87000
66281
72525
18246
34529
58635
35625
16118
34165
5737
64520
21700
87916
12014
60915
11843
36035
75659
97133
97242
26942
47960
19421
84413
14423
75624
4828
14244
26593
44021
8608
87151
75942
44694
93140
79891
96344
89742
61023
25128
74168
22323
14717
80996
66954
19694
6892
5641
47967
51137
83179
61896
68281
4232
59798
95940
23438
77614
59303
61695
3210
73803
18832
84122
78386
17142
75278
92542
39716
30172
38790
86361
16928
31063
24328
91213
93023
88465
81592
7282
80113
93054
73249
78446
70593
21337
70283
70625
44365
25595
23310
34504
28002
39108
193
69571
5352
14646
24685
10808
62063
29826
32954
28835
39684
12707
23191
83538
76403
11620
98083
97749
90589
36130
93312
68590
43013
82116
32849
73924
55888
62057
27041
96215
66225
75290
53329
82260
50584
53008
67526
70591
99859
36996
60097
18113
23392
23167
6154
64790
54150
28948
23534
27148
32569
93641
92622
97424
97288
53711
98338
17163
21777
71166
99545
83923
75353
31649
85165
97717
6029
12246
95324
52806
90293
15011
55983
25144
41909
20571
74626
62764
78935
20378
85243
93269
31690
33673
59437
82790
79906
90490
39419
22525
90556
80168
66268
74070
43796
23070
41807
83212
61943
88147
94287
29446
37741
5381
68870
88629
91819
95460
47015
51333
65737
39438
44224
28228
68513
34416
25140
56342
64630
80875
52632
72157
35065
20000
28587
8580
56311
11659
21338
5289
64797
50257
73711
73610
62261
16562
11915
73586
70844
37414
62544
99307
26160
99348
46730
74619
75385
39134
91535
62981
52272
36773
20636
25179
40768
80494
71550
62461
52226
73361
3186
71776
78805
55488
365
25599
59813
27338
33254
15762
77503
23091
40603
19165
1487
61353
74698
47337
7433
90003
46122
28328
86499
21764
27018
95329
77990
66063
55627
79352
63082
74124
23673
37850
16216
87203
67512
98857
28082
10111
78281
2657
84084
32462
27150
19042
58640
87971
89778
85362
87280
37068
94212
24385
45998
45877
15947
65386
76900
4977
26308
50088
91639
46532
58370
27720
96741
52952
88610
29282
68955
32794
34416
47391
17122
64730
63543
80512
63127
15473
71289
22452
21008
90781
83646
54375
57909
26603
17213
65926
43235
91728
68819
71702
7973
45396
42843
46886
52828
42444
32933
66064
67995
23577
18460
56193
49106
60754
21284
65966
74595
44524
45747
61364
98809
12095
50514
27493
58908
5294
67732
50022
67962
43986
4739
81578
66681
85634
82696
46481
37268
62425
50231
88299
8742
59740
8713
65366
372
57965
76447
24183
55546
42745
93956
91945
18696
21429
20382
77800
46323
60209
95075
35264
39206
80550
32241
20889
21711
66745
93549
20880
31785
89733
74777
66624
93069
5781
42103
36813
47036
19256
36415
62184
89113
73890
59285
4593
21029
18486
78090
63909
92307
19850
53794
87605
20101
78759
73734
69271
29253
20932
96108
39462
3048
38585
3059
27537
74049
43057
15358
80801
67198
69433
57250
62092
47075
98490
41444
64729
78497
67307
47070
18091
28142
44825
81262
82149
61678
18360
3812
10034
43829
9662
54778
43474
4768
67423
2145
21938
77738
18553
41332
8587
41418
84163
37605
28663
16600
14935
68521
75663
85479
10914
78397
7127
71545
92238
35259
85209
64341
30159
7361
4024
15884
26568
46152
34400
68152
59304
7322
44652
72007
50617
79090
69263
45892
21726
17793
53011
75104
22365
32654
71521
47152
94718
46225
62593
81003
39654
67862
49003
99590
55505
95604
74742
32522
81978
89048
23692
32566
44999
31704
43628
5645
24253
76609
58603
82358
20414
63713
93586
86984
60560
70806
47421
14284
8420
11190
83843
10016
85869
33032
67479
67822
59354
48556
31820
75616
95747
45011
10790
48552
33281
88552
85622
75511
88015
5539
13912
48748
95766
10843
35034
26831
14324
73228
33546
71620
99498
84100
22554
3418
61732
58812
10925
77197
97013
88156
5168
22389
95460
43375
43185
62300
27204
71510
71986
24214
71911
49508
32521
82617
4921
6049
40293
39594
41994
39995
23063
2656
61571
80423
171
91025
76287
31830
74610
47335
18062
39493
27838
21058
88473
49148
92850
77955
43046
89874
90281
34793
64694
93185
66677
3577
46743
24523
96141
52663
94570
68889
79120
36443
24071
22019
99995
48507
2554
23718
80643
18102
61148
67207
95936
93657
46109
9770
72023
89412
15028
10112
55732
48041
38409
45696
10636
46452
3817
15151
39337
53633
57495
78115
29523
48002
38052
19006
77338
40837
37045
26722
54020
30987
20789
65099
20320
4231
22029
49695
11636
66510
72455
88314
76422
91592
15744
18131
52103
37957
30482
10019
36975
54894
47660
27769
14767
59435
74664
79707
65338
91298
36089
71563
14968
61642
84228
17167
18534
77196
9880
11336
682
28107
9767
38641
67123
34002
21567
98410
44327
90905
8417
47369
63735
67950
58170
31921
4073
61453
93973
62600
4497
53233
22085
5263
36957
17729
95737
55672
42472
90064
20859
36662
22005
83795
57509
4126
6708
5948
57223
28771
15377
53258
93167
22462
89582
47404
54139
65153
13770
45677
20697
6299
60132
9194
30892
29839
58873
45913
62520
51882
99363
99001
24269
35816
94671
20815
66760
97359
81690
1985
1155
24363
59890
61154
91089
380
9598
11805
48344
75267
79508
14207
44801
14354
29813
53541
12734
82558
4596
97845
94482
40119
21487
42016
42171
63908
50123
61844
64910
44432
13918
55771
85801
21310
8629
62387
16828
70942
50042
32863
64869
57398
18454
92062
91321
33350
48753
14302
86153
46987
31799
57033
85625
95010
92384
49435
62905
61447
28314
55535
90577
50531
43169
68316
59531
20930
53608
5838
79026
75766
75450
81135
84384
51731
72473
4316
26462
44016
62846
87417
95506
27851
59271
12021
72286
1194
72752
33396
91593
49437
31029
42264
77708
13928
50551
73265
64949
42435
67823
2229
3246
99093
98158
96805
26728
59916
67121
97241
57076
98039
82604
3789
18207
74573
68451
74824
82772
84282
72934
65827
35060
65620
13147
69010
94689
58494
21245
87889
6991
20986
53370
13906
88962
12052
28741
83731
71499
84474
84600
47275
97499
67933
59678
30759
62263
59991
83856
11041
33010
34898
59414
17057
93473
64702
13414
11496
42100
62515
41847
32441
74259
10696
60848
39962
28300
56393
18320
38899
78285
80608
72927
61691
34754
24747
5061
67972
73156
55137
62923
40856
66114
98964
31399
64393
77639
1868
21941
52739
88026
47805
31041
92069
16073
49662
86741
92362
98242
11175
31287
9597
76364
98341
33169
32102
93139
76591
56022
83286
64147
6951
63621
56756
93978
34866
15726
83801
9912
77441
78338
35625
85414
85444
15437
42297
35023
13445
31777
5020
5574
90821
8565
88518
26486
95569
42222
42636
91492
32805
1509
89968
16654
92254
63943
55051
14883
58760
22371
72071
5848
34554
38909
16511
87127
86836
29631
74472
97618
70807
3939
28266
31567
81120
66775
39865
18202
67154
3516
98056
37088
25257
1293
68809
9256
20677
4745
95425
24604
40608
89173
76555
24126
15617
5094
38353
26787
40168
44196
94970
44422
47577
1134
3163
93408
91749
27247
73767
12479
12782
64780
7139
76596
35173
45321
7441
24221
56028
69776
80138
975
2567
60756
76748
4122
58620
19333
91894
51595
82771
12652
17289
42686
19397
44044
91211
57243
37757
46369
84981
14749
76972
29122
81057
35714
55871
17699
81404
31968
62326
10002
98716
4285
41190
40813
54370
28130
88005
98044
8574
77081
34885
62093
22702
90779
85291
56192
30996
68818
93855
71853
91533
52884
14153
20709
16393
13307
8410
98996
19099
23213
11833
59844
98457
75214
86848
36177
88186
35177
54685
70232
63909
4043
80550
96345
82298
54439
8862
83001
57113
17031
98647
22938
47350
7278
97017
72724
51098
40172
1744
28995
87183
91573
451
88603
28903
2024
54737
92015
21142
66039
51078
47485
83591
75882
3845
80762
526
97421
55712
76838
96140
41114
79023
39911
90206
3747
60164
29505
66839
46159
94606
95577
89772
86338
40899
4926
74637
23302
26429
78568
6637
557
5019
32568
7311
54826
59406
26313
38605
31367
94325
25861
60418
2043
18824
8357
18778
1931
36404
76117
34830
99474
14838
72304
69849
58567
14785
78670
51855
16486
55904
98217
86971
25805
97869
7858
45713
6608
32063
60983
60188
84226
17151
13389
14034
24807
46678
11955
48441
30567
17619
96860
80881
89559
41018
57692
24885
89989
57273
94686
60560
28359
85947
82546
30720
12366
46635
42874
22510
65999
78846
31412
70487
85436
51012
27090
31103
40276
20631
86958
15746
75288
6693
17277
73234
74786
44082
98020
94887
88536
22274
86531
64468
10734
61907
80391
4505
83157
46077
11883
78744
67172
39824
30286
42052
93187
57252
45417
75377
60717
67296
26360
40390
81766
55871
24096
78581
68873
95092
18411
64355
12001
5667
44230
51396
82028
79435
52754
76715
57134
34957
87443
34074
31435
70655
81347
42005
46549
40357
46760
78466
32876
53969
1774
94880
92306
34214
17637
98584
10879
15124
20903
89465
56603
83568
17610
90246
50675
65974
63647
56289
8700
63203
68941
85313
15843
84169
77447
19575
25830
20753
55191
49236
58553
15585
68107
9206
49921
27887
53565
33788
34316
76066
80128
77123
10750
44235
77789
89629
99122
14664
11184
83665
76155
93290
31686
3299
66208
63782
77491
32111
46986
49180
27560
53719
8532
66463
82620
71742
56390
47182
38248
10379
72940
12164
3081
93883
84867
95790
19008
46969
69304
80034
92370
8117
52851
26211
67740
82503
98904
71433
48758
50108
77
38304
61682
58059
80849
48785
8599
42958
56107
37754
50964
49184
34647
26219
37247
67198
13202
97954
45696
90388
39192
613
54391
35228
32144
18503
91599
82299
3623
23645
76538
88453
64396
18903
68591
26824
32799
81102
73708
75260
41320
19046
12878
33259
94062
9571
10858
36993
47375
6085
85424
98877
43212
2593
59247
40005
14662
87011
70350
52971
93642
84189
21744
67971
26136
42398
45935
78723
63941
68451
17724
75762
69871
28838
45002
53405
20653
89015
68542
12889
39803
21105
34138
618
20841
86732
10556
28430
54511
48193
9601
18073
89794
5235
91968
23283
38851
74061
49090
93376
90295
35388
74230
55115
94597
67296
75615
24375
43727
17880
68622
96102
94362
27142
82229
64900
61281
85870
9820
59551
82524
64900
19186
2861
80733
77347
16871
77757
96328
58347
13285
78822
5001
83189
70390
57766
57675
20358
13745
74169
50572
74675
11366
41955
79843
42243
64746
56452
79807
22628
81695
23567
13507
45016
89588
29808
65447
56514
88285
92185
41754
60839
71906
98975
3771
31767
84362
39972
64044
61020
62297
33106
89040
65237
57628
71883
30694
81543
60037
74924
96217
87157
61666
13534
72342
53265
5301
35415
51694
8714
17428
43214
71916
28065
31520
4404
19089
999
10924
37073
55271
52185
93292
50852
76203
12645
76789
21390
71485
64065
54114
53235
60309
3318
36085
50738
26890
29340
65918
10870
22499
69397
81987
98462
86933
5315
70871
98987
72698
95282
78815
33951
81965
8778
82568
33242
45442
60321
58919
23893
50255
65936
99697
17707
86810
69259
13682
86066
93410
96577
89298
94041
63913
23724
89163
20640
72162
78159
53104
98137
65559
16740
38701
96534
51608
35629
10658
2752
90343
78778
32618
45030
62121
31667
93267
27705
58903
73165
39198
85307
52255
90724
78780
79496
8582
54508
30265
31324
59289
13417
47885
89078
46633
75866
56338
88300
31079
80732
86852
49979
92772
31126
92895
91109
94921
2642
24284
44787
76951
15078
36554
17524
6896
72251
5960
4347
37742
47373
55663
61079
97276
11200
44064
55388
18766
33886
99947
28292
23012
74820
12624
75087
31976
96515
31444
14635
31558
76356
44120
87045
48684
70882
99024
75564
57746
92723
63463
50043
1288
4888
15183
6557
37296
10453
75272
8578
49164
95802
84663
85124
94821
44516
35443
12166
6584
14392
5056
84877
73259
26002
13175
24300
63720
85401
78544
82193
80861
71244
37823
1910
72769
43021
89436
62399
27077
48230
24621
83648
4343
20231
44545
46751
65383
78508
76171
8465
29526
78012
40769
23119
69119
92877
49210
79764
60787
99118
99155
18358
83705
92147
89215
19503
56206
7998
30121
38690
93710
22517
73261
91090
1609
72973
73984
48660
78588
89676
54160
74424
80239
6279
65956
17329
17969
14664
60452
56310
78650
31310
46194
39031
38533
94337
9869
84891
98817
95249
59065
4763
44894
2396
1909
71628
23994
65291
3681
43881
66965
92062
8099
25594
57134
29554
21750
25806
53516
87095
72210
9544
41614
93493
572
98061
1087
39643
11559
93920
51426
84286
61498
60419
40127
53312
88986
55088
48041
38450
22749
50
39020
86488
1507
63948
45160
34551
87080
75840
63360
82981
57659
68567
50170
90031
63779
93308
98829
57039
46650
44847
17528
63435
89636
83975
220
27448
95528
15993
74725
93593
24848
50421
9150
20156
62216
75285
29717
6759
64385
6958
47077
91885
84831
38678
52643
26635
96936
8747
25885
69374
37288
41246
23586
34197
18054
76062
97268
4880
97972
25202
16848
64142
51169
73942
54990
73803
61044
56738
83008
97782
69734
45977
89982
42226
13473
2382
32926
27392
67677
34464
73978
90201
40531
12858
14607
81027
48559
28478
61584
63029
30658
88433
13264
8072
95820
69781
39485
10591
20112
52620
77927
39432
35185
47669
92097
49403
12250
54029
45484
28332
37278
39187
65550
67216
84516
11550
89481
45558
46717
48847
42229
21216
31777
28599
92692
48332
46258
8762
90939
54682
43650
17226
8432
23397
29467
63110
52134
28666
57713
17491
65760
27926
91559
5453
32632
33233
10189
6654
29084
24334
26110
67683
23764
42663
10776
65485
43433
7841
31701
28375
62769
27447
66097
31958
70665
52281
33188
6550
49921
19620
51465
58620
14962
4760
47991
75623
69202
61704
9031
60665
77934
11914
42025
12382
35897
67495
30541
96426
24537
923
89224
41438
76519
98517
3197
34648
27391
80294
69223
21734
41115
81829
11290
89591
47303
62962
13841
80945
13154
595
78907
81075
96598
47270
68283
57985
54577
33021
26317
38758
31894
44863
69316
20470
97383
77166
77807
44794
2406
42196
23053
11533
26923
78398
51651
87086
93446
17661
44449
23397
70700
25204
6095
39260
44676
52271
22760
61828
27209
35516
77603
47686
37350
71613
38267
67870
82477
34476
83079
46782
76398
88046
42477
62218
21412
65048
98492
43090
15046
72064
23970
93988
57514
56822
14254
2325
42079
78446
31232
92179
14330
80943
2648
55578
9598
24980
690
98727
73352
78439
99165
7603
1252
78097
31013
94542
5764
31646
50158
10857
44478
6315
3068
56588
73970
78925
58437
27807
10077
75412
68300
46884
48350
69874
62054
13024
50021
698
68812
95372
73673
97483
47336
13302
94137
47147
92123
52689
59260
80251
60690
15223
98446
64451
9697
86408
72843
54811
28520
99134
70477
81571
50918
23546
14612
4502
9342
71598
89613
30295
47396
60884
10661
37196
46418
50993
29536
46259
25762
1755
54762
51433
80885
47049
20044
10247
54406
81411
94862
94521
5650
53529
91405
15370
18437
60977
33332
32386
9950
50658
30190
81380
74273
5275
49468
56237
55824
79828
1457
35167
42931
68785
44424
71986
11643
85999
60416
62504
86162
68180
28484
87944
48731
30652
48751
53194
62590
13901
18619
23543
94721
53645
83320
75101
39092
66363
39217
60598
77939
69787
65768
29717
44707
85746
76205
26977
83047
88898
83999
1319
73921
66710
40599
5008
5870
88690
39652
58013
66974
86303
52443
96887
79330
90655
49286
45710
43956
75430
62495
18374
3067
51463
1226
25442
47161
57118
98601
61324
89961
78079
23875
70467
10674
38699
8475
27769
35800
21442
86684
95249
46965
56877
85244
124
92899
82804
28198
16406
55676
53941
63635
68058
59992
47470
52567
65039
72304
36388
69910
28249
66449
55557
49178
92036
97704
54247
2292
79369
35352
4754
59613
88781
17172
62071
10739
66130
53103
97154
58530
12980
8201
32800
50187
6129
41137
71733
46264
20119
36294
38622
53865
92589
26167
70960
157
79066
86279
17385
1992
18025
83290
37102
93355
56330
12310
46478
54735
50743
39788
98716
93266
60460
90605
55841
94376
94008
76193
19233
17396
73955
50024
27193
51324
85217
28249
97521
45993
6020
10940
978
30319
85240
13560
30016
67641
18220
49314
2890
33663
32731
12403
14901
74344
57416
71198
45206
41506
60893
19202
86236
43623
91814
19421
44548
56149
47993
59361
61304
33493
84892
16989
14197
67756
49875
16146
85454
34322
42808
17620
42191
76237
97475
48305
99948
17332
92367
86087
57322
69824
67139
92162
33343
27504
11734
6300
86138
19790
46796
9428
7686
43891
36952
41230
42218
84875
18737
91907
96895
91275
52350
53367
23589
50000
10137
81313
78357
83409
13007
63265
6469
34793
37432
88727
72829
54806
87458
69510
6881
57266
77049
22058
55198
17402
71797
27533
81458
35023
90421
41577
81084
80999
6030
36668
60612
95950
28553
40713
17101
20396
95354
23370
91148
21759
25976
76467
89579
14408
81516
8285
61159
8834
90397
4892
62697
56390
10132
27476
1576
46957
87891
81479
25234
34329
99975
23617
2391
71291
75592
97410
81259
52966
42837
53019
71219
42444
88759
32572
83667
99649
22768
97521
18300
10138
95785
59183
93122
30710
38625
56649
23796
80027
63616
40580
23295
82069
36254
18104
36339
30987
3605
84848
67480
51863
61584
98767
28721
10051
49996
86325
78931
70206
23063
9193
77164
6647
93231
19166
92209
45148
36650
78687
95175
48677
44888
88873
99375
25232
83441
51515
27576
78123
13302
72612
73550
52798
37662
9405
84779
46290
59215
57490
96205
98697
83685
29010
73299
36205
22137
2566
79957
56490
13746
13213
56630
27682
83161
39997
92501
54220
16972
73532
74116
3297
46538
32867
21484
7443
67147
47944
13818
65255
16927
97611
89057
34193
64880
52113
86261
77767
15588
9190
5663
21506
8079
42417
26691
8954
41446
23315
91296
15779
6710
49346
87257
50645
2808
34354
4962
7396
87704
59795
49209
16618
21009
66203
88934
55464
82276
26792
47817
18031
41601
19811
44885
68894
78451
26601
27716
68989
22531
7554
31379
68017
12185
77888
18646
10163
77151
32167
10092
69835
74351
41700
985
7711
95335
75413
61992
7328
71778
16305
27899
83823
58294
28927
91977
79619
79477
81305
75607
10152
85732
30411
79837
43080
14066
31546
65502
21272
13069
14438
50021
86899
92354
4491
33728
52112
93249
62809
8146
19199
78464
77241
89062
32146
35860
62749
27411
63893
55360
46825
4202
44290
19104
25804
86787
23199
1990
3121
53196
93531
66421
92693
46518
33450
33163
86296
17533
60762
53429
11937
20500
58754
81671
42317
77542
36242
41810
72728
50932
55123
76439
50339
16213
71350
47016
43846
45712
57356
91321
20223
53700
73077
79312
61684
19680
29530
44459
93437
39509
11686
86308
68603
83389
79326
96158
86934
61977
52625
52231
53548
71230
96527
72763
81065
71501
8420
24611
33961
17116
21136
74298
81109
85976
38838
14578
4303
48797
6393
42691
25627
57015
95815
4905
52043
28180
48248
13267
65818
27176
60002
17594
54030
14171
12430
37670
25001
69891
69734
24434
23247
32327
3462
22919
29126
11147
62820
31822
53806
53823
93137
61639
10118
43105
82916
34089
93494
66242
29426
9517
8288
78708
6300
47209
88225
52474
39574
80922
35631
76812
57264
65334
27765
38586
5338
68493
5298
16262
25146
96886
81076
2707
3216
60775
80670
50862
99404
34258
4663
10313
90505
36858
70947
43163
77163
78420
73958
78450
62491
13807
7569
90095
2245
94390
91776
25960
73907
31432
29073
55625
54186
46842
55938
25051
31388
89027
36193
92813
49945
24754
78207
31778
76299
1067
55758
34908
27791
77915
64811
33351
2604
79917
7636
9796
43765
26675
11231
94711
82916
12457
80258
99769
72076
98303
48324
16053
96527
67980
39477
38906
75623
58549
70951
75353
95179
28475
42102
33180
16548
11409
83094
58581
46270
16080
55850
66651
87922
59777
15245
57286
65036
91807
76963
18647
9939
84772
21885
20406
32424
511
18103
73468
3977
26423
29815
13592
76609
40533
29186
65938
70507
51317
16536
7462
70017
45093
21833
44304
41733
61322
48722
73623
14309
21301
8882
99787
67198
88464
3026
15099
3745
47462
114
64730
70257
80262
43085
83232
33598
80488
78450
96849
79126
35495
35389
69779
8612
36810
44061
5822
69597
53226
76052
67855
98433
10699
36215
41369
26503
10357
11040
71904
81987
29652
36917
7631
92980
72102
32215
30629
56197
246
21970
26785
82605
15905
46412
94869
64789
62626
27639
53590
14559
86456
24631
92135
57845
56964
27455
83690
45599
74121
39915
71747
2634
52242
35379
75922
3666
2320
51511
41928
57857
92954
89101
35881
31766
38922
11899
284
72883
4091
22492
651
9580
83158
98957
58016
52379
29821
61736
36752
30376
25624
82182
74228
46295
87424
15738
68975
53979
23325
79294
95770
86300
51309
71136
28160
86730
35282
27790
70624
25178
39209
96360
77849
46499
39047
8922
89428
29713
23974
32296
75775
92687
91503
28387
29054
48864
61798
62055
77503
8517
90554
86535
48764
83561
34692
71019
29337
21612
50699
89764
95369
2901
86530
96059
40011
48487
93290
3692
27533
19852
99291
59580
10955
24984
52553
98347
93289
38198
29661
32639
17216
94658
56136
12667
90007
66658
78963
89627
41061
63145
51769
70918
25229
18889
36047
31173
28861
36599
62760
60901
47145
34693
77863
99814
19123
62249
2559
1493
29129
86779
1389
3401
92888
20611
34381
27320
69461
74450
48254
89545
62553
3660
59239
45983
55199
88801
51962
17477
98832
68555
33549
62128
95564
82494
92990
41779
62404
74550
48454
3999
32766
26328
13772
39484
54315
32444
28029
35272
26414
71123
26944
89122
25386
49731
82357
26681
65207
1491
29039
17162
96468
90895
90508
98524
4295
95171
99262
36963
88520
25675
92378
64573
34472
57986
94253
42727
23232
80899
92555
24305
92408
69668
8033
10718
77046
31066
78206
32729
56757
74428
80091
26434
38419
49281
33317
39691
15720
54688
63892
94122
79123
93845
3619
68176
12636
4574
70611
13510
79226
23654
10908
61405
10989
17880
56144
38336
82606
1963
30735
98028
42336
37781
47579
45382
89902
13100
1304
28171
14574
29140
47441
32625
4035
63667
12644
62905
49141
54549
48759
4461
10329
79985
14511
48224
91237
1313
79729
81216
87969
31289
16577
15277
24433
93279
56746
26417
67356
3316
32438
25306
5428
56488
56823
94346
7088
48540
99841
83081
26897
72129
1212
94304
36139
5109
13864
23679
8719
8981
26766
76422
84646
25778
95773
22213
35757
9181
91446
68140
65111
80611
97340
3976
35495
47177
78234
70190
26269
61648
24586
86792
5142
27526
41101
41099
65371
37371
12569
62959
29924
23147
69245
78049
97779
93737
65993
18498
24280
90008
99728
95028
23657
87839
23174
49687
77869
74239
77814
46495
5678
53266
76000
44293
60544
27227
9298
11581
89359
99114
81142
69303
8099
1908
24487
75021
9955
10048
47063
46773
93573
70555
69959
13094
51419
59770
89209
83093
41373
83791
39611
92908
42917
68612
45034
61693
85354
36768
86470
81427
87241
76191
80905
25065
59917
30054
99657
58268
16393
50243
82785
57122
41710
89569
57675
74108
22715
24828
48991
32521
42543
92807
22394
84413
23468
48933
19930
54648
36898
89188
17172
17198
98575
39868
9026
40038
19810
74282
99659
47431
84887
40415
17124
95810
7581
91729
77514
54762
78308
40245
88458
95244
93546
21622
88303
44641
11073
77139
32912
27998
99783
812
33006
21836
52853
47585
17283
45839
70284
82131
35062
61391
24667
78901
4016
5955
3858
66279
80868
20090
1405
77659
73750
97305
62065
77876
50927
98630
29543
28560
48843
8638
50440
55057
40374
78702
33010
19340
57599
47352
85586
52791
76645
38077
87737
91592
31131
40017
20943
99503
67666
69313
30797
75442
29876
83619
60214
24581
21769
26794
26272
30975
620
54000
1768
11598
43588
19691
98260
62645
46767
769
80312
33863
36690
76415
96420
638
48320
32986
80957
74251
54010
56183
54000
74187
22136
72238
4141
63045
21985
43682
74447
91839
40822
32282
86051
14272
12518
37048
8822
13211
80231
78910
2374
76418
47552
24194
32857
52952
90629
69155
42359
29993
88173
61509
67372
90504
33033
95322
54468
48976
41094
3077
93249
97653
47782
31630
28673
49486
69998
75677
18449
37109
77823
580
23262
85919
50283
18901
39572
24613
17615
26734
52665
94567
4958
43200
58475
2062
31231
84289
43294
58427
80502
85860
4005
26054
86070
53956
92635
76859
33308
74730
86620
95423
77304
33171
55428
84876
42788
84745
96477
95573
1790
80169
27610
52434
19764
4279
28376
5530
56172
9886
99242
66792
99551
6369
78309
70802
95679
78353
70721
52185
81278
42771
60135
23829
45747
89509
96555
2913
89577
97341
7138
20349
95867
13952
53617
85100
16131
70536
83937
59685
23863
7106
68347
49223
48152
22173
5247
46730
11635
39111
97169
66497
2085
38195
36785
27612
35223
17320
3976
79312
44141
10173
53824
49780
8063
47515
67377
37917
35680
44573
22834
87445
74321
642
77136
79137
26406
72596
96865
4327
26572
792
28179
22587
98560
11186
39351
16155
18273
89000
49256
