3285
7081
1754
6707
6581
9326
4057
9934
2648
6897
1767
3998
147
4729
1164
7214
1048
8107
4162
9466
1510
2990
7196
5452
2366
1844
6979
6772
5553
8256
8791
3922
1154
9152
162
6175
1986
5144
2161
970
1524
4588
9783
6076
9588
6104
5708
3292
9212
2674
124
6945
3250
5720
7080
3395
3494
9263
5653
5028
7562
1640
9306
8916
7845
2765
5277
5269
4827
309
9539
4417
9288
1263
108
8492
5257
4189
8364
2912
5000
6843
1517
6794
1056
8327
6155
5320
7779
8104
6059
8755
141
4207
3411
8778
2436
3415
9387
2704
8264
262
7697
8549
3278
4749
1911
7483
4613
4641
9904
8908
1772
4265
626
9964
7904
5785
6466
2956
7905
7864
4418
4619
8153
5798
6431
3454
4556
67
4602
5317
5113
8565
1023
3402
6002
3677
596
5791
4850
4575
2947
7160
2628
2536
104
843
8925
5263
4085
6279
3163
5626
5146
5643
8832
4520
6237
8162
1732
1003
4959
5629
4216
1302
1269
9455
504
1159
835
747
3996
5385
8866
1914
6396
8820
1977
4103
8924
1168
8339
8105
4633
2419
5722
5505
2952
7401
2812
9898
3677
6614
9086
1368
2407
8955
1226
4480
6490
547
7269
7697
7891
473
5304
3991
8376
8682
7117
2522
3945
6051
4907
6378
9054
5213
7231
5087
8512
3332
5163
2831
6880
7685
3974
3533
7950
4007
9621
8314
7815
6065
7719
5851
4118
3323
3837
6029
6245
2546
4754
1459
2055
96
4546
4596
5513
5922
6309
6969
4073
821
6759
5596
1963
9180
4676
5067
447
5326
9591
6232
4775
8124
6208
3557
376
9900
1586
8065
1562
273
2609
2174
8670
8915
3536
2469
4642
2522
1682
6122
5080
5110
8287
2832
8437
3268
2725
6753
6459
9285
7894
1750
8648
7463
9359
2854
4170
9139
5032
8298
134
7902
800
2939
2627
5050
2114
1427
9141
4387
6450
6929
2522
8188
4451
3013
7437
2702
1358
5608
6576
4686
9396
8646
7409
5461
6228
2749
3642
3209
1677
2524
9875
2615
1015
8958
4485
1908
6672
1992
1682
5256
2538
9432
5471
303
4446
987
9456
7192
9663
9433
1946
9117
8170
7389
9415
7011
4907
5105
4931
3855
8697
9126
3910
9637
2577
8712
3318
733
7237
4778
6018
2746
5742
3906
4323
8479
3647
1965
5018
6613
1733
6255
9147
699
4010
9100
6047
880
9235
3176
6534
2075
2807
8975
2027
8809
9681
9087
7988
1866
8804
8061
8234
5351
9583
8405
4318
8462
5528
3234
3373
3962
6842
7037
4118
2415
6233
6210
6606
986
6607
9970
8290
4579
2643
3845
2473
5023
1710
9289
1409
1887
2563
7717
7969
8282
482
7426
3959
4985
8258
2830
8383
9377
2740
2318
6445
3822
6411
6850
3398
8805
6627
4763
710
6016
292
2587
1144
4328
5722
2315
2433
8627
1778
2061
6238
8849
1375
736
2865
4573
4642
3097
5622
1103
3356
9149
4580
8420
9502
8062
7250
5416
1364
1769
1277
3700
2718
5709
2867
957
3373
1966
