9190
5907
2457
8169
1785
391
4939
9162
8723
5643
8309
1435
1618
471
3370
9080
1759
4327
3261
6297
8771
6897
7270
8141
3680
9482
1911
7441
2895
762
3218
4542
1266
9217
1931
9288
6337
177
8289
6706
2645
5437
8222
1543
3283
2725
2724
5050
7574
1473
5903
4261
3927
5282
3109
1306
8397
2589
6832
5927
1720
7237
369
4725
2569
8874
7760
3042
4829
1956
4936
9281
7167
5592
960
5978
299
2043
653
7145
764
113
8175
7820
5231
2394
9113
6900
4824
9403
994
4723
1071
7874
1464
1065
732
5721
2212
7915
1690
5385
4050
988
3074
3969
7566
7572
279
3497
1542
8780
5312
4912
1964
4151
3506
9401
538
1840
6588
8770
1697
518
5253
8932
8191
402
9770
7531
7999
4852
9021
3782
1708
9504
9200
7907
6854
6686
1985
3643
4813
6638
9556
9309
9687
7017
5545
3520
5717
1241
8248
415
1461
9328
3015
6266
8429
1315
5254
2236
8327
7596
3093
9885
236
7987
9451
3965
5175
6752
1104
1572
2880
6304
2512
4298
3726
3690
2487
7161
8298
609
7144
3767
9166
3509
646
764
1564
4148
7225
2015
3867
3733
2268
79
5117
3164
2538
1937
2079
7414
3110
1390
9124
7874
4500
7219
9435
9275
9433
70
502
9511
1437
6973
8574
7037
5784
1558
8527
2822
5887
754
9914
5413
6847
6251
7942
4451
5942
5721
538
2900
7113
6412
3373
6317
1358
1620
4646
6561
9469
4142
4450
2119
4361
3556
1022
1157
560
5984
1136
9057
9615
3313
5952
1246
9958
713
4009
1844
7790
3403
3601
3315
6328
4482
8411
7755
3566
2960
707
7645
1424
5256
1940
1625
3181
6592
1141
8736
4767
473
3608
1397
8576
9845
4908
919
167
3081
3915
6319
8561
4681
980
1835
2830
4075
5588
7786
7476
2441
2126
6405
240
8547
1681
5666
7598
4124
5650
2930
2274
164
3146
7559
3597
6709
8017
7028
1057
1916
5340
3880
4385
604
3884
7299
6983
5695
1434
8826
9618
3659
5441
2758
792
572
603
1429
6031
1785
3869
2217
1863
7921
2395
8799
4517
4098
718
1049
2594
8207
4372
1331
8060
3834
3642
7090
4405
7247
5567
8748
3120
6029
9718
8887
3097
8353
9173
289
9522
716
7847
8264
7365
1792
2210
3787
8790
9523
899
4100
8381
1514
2545
9554
1351
7368
1453
9841
1266
3990
1938
1897
8813
8744
8910
1899
7441
7019
108
9681
9210
7226
5325
8348
7681
6387
6478
2302
7152
7662
6742
760
8283
4696
8911
3675
483
6283
5090
7985
3153
7276
3036
5690
7267
9332
5463
6615
8025
1175
5743
5926
4701
4708
8222
7835
1986
6066
1098
2593
643
4223
36
842
9438
9845
6567
5318
1794
1380
7343
68
8637
6158
811
5965
8156
4286
3297
2265
5165
8339
2855
3745
2517
4556
7298
2862
662
5763
1449
76
1324
2044
9672
6091
5893
8698
196
7167
4003
7075
9252
1877
4608
6982
6243
6787
2938
7193
5901
6661
9508
5665
7462
6489
5685
5749
5289
7710
3680
6518
4709
7041
6342
4381
410
6164
1444
5433
6836
4899
910
8024
9304
2732
2440
1713
3829
1161
8288
9546
9079
1274
3092
6686
6975
2383
3894
5839
5264
8164
7149
9488
4591
6801
1967
1272
4765
6482
7313
5231
1127
6365
44
3863
125
1632
9934
2764
5511
3764
9258
6485
7756
2471
7587
5495
3058
5273
665
8805
2654
2694
4397
8756
1722
3890
1165
497
2703
6539
8489
4797
8061
1237
3820
5411
4776
7230
6262
812
8895
2693
3638
2109
6022
9528
8968
8448
6935
9618
1021
5246
2212
9960
5938
5670
7568
4260
5553
2803
4473
2889
5987
6155
627
207
736
4321
2564
9072
6747
4552
7008
1385
1653
9079
8966
3062
3347
2343
8153
4667
9574
3435
1685
552
3428
7402
2099
6823
134
4704
2807
3750
13
1279
8978
9525
1515
9521
7473
1083
9948
3081
1490
7233
6176
9463
4448
4092
1575
9923
5871
9014
8606
6965
9777
9690
6297
554
1711
5231
8883
8310
7894
368
4059
4569
4775
8569
9898
7951
5675
6973
1155
7396
6336
5521
9405
6370
8711
2240
3789
4176
9326
4154
4456
3235
9982
6116
1776
9278
6168
1989
6949
6109
8942
2468
2389
9614
8651
5388
5520
3066
1301
7452
7419
4369
7796
885
292
9252
1547
6191
1994
8476
8180
8014
1996
2945
9137
9406
6976
4191
1531
7727
722
8834
229
5834
9426
5754
107
7255
6218
8867
5737
8624
1217
2657
8593
4388
6891
4790
3954
3523
9661
5691
150
3367
9208
4450
886
8113
9137
5247
2991
9525
1575
2633
5948
375
5696
5508
7738
6252
7646
3871
8660
7933
7345
3812
5900
9423
6983
4046
4887
6779
8298
8378
1849
5496
2769
6421
600
9285
4458
1364
4825
4923
5092
4657
7664
3813
8880
6294
5766
5492
4011
6008
9451
6586
6423
3095
2821
812
1384
457
3519
134
5040
9025
4674
7922
1573
7738
1102
3809
8150
6937
4805
5595
2065
1847
7114
5032
9325
5283
8208
3661
18
8855
2999
9908
1307
5598
4931
8889
5728
7357
9052
2703
5841
6177
9977
7235
8762
8890
5844
7638
2726
6935
4597
6681
9879
4161
3284
1866
9280
8380
7362
4831
1967
1972
5402
4294
3157
7844
4799
997
4991
2848
6063
5623
6501
738
458
507
5438
4164
5229
7954
6521
9861
1208
8742
5134
8965
2767
1284
2869
7346
791
7859
9817
4607
3798
2209
2951
8967
870
5782
6880
3940
3208
4690
910
2479
9758
1662
2645
238
528
3082
4417
8471
3058
6038
9278
5939
2575
7307
8668
2989
4358
9746
9793
8557
7428
5363
4929
5596
6385
5636
3337
9500
7424
4659
6429
8852
6158
1985
9063
449
8000
330
4286
3147
8113
7607
7603
3930
9160
2076
8501
900
2681
6840
8384
8795
8313
6568
690
3621
6761
4364
1097
4858
8292
7242
9571
3285
2520
4451
9994
4333
5887
7682
9666
4035
13
2935
1435
2480
7383
2908
5860
2560
8016
3718
